60  0
98  0
54  60
89  98
83  98
22  98
13  98
74  98
3  74
97  83
30  98
21  83
49  54
45  3
65  0
87  49
73  54
34  13
69  54
31  54
20  73
70  0
42  69
93  49
90  21
4  0
23  13
29  60
82  42
64  65
5  83
68  45
56  13
61  21
77  73
96  89
11  74
17  54
79  31
40  21
10  40
71  42
57  61
47  13
18  64
48  47
14  30
81  40
39  68
99  0
86  69
36  34
92  68
80  13
76  34
35  77
59  5
63  86
26  73
58  54
91  17
44  17
8  60
67  57
41  29
72  56
6  30
84  65
78  63
19  20
46  36
75  63
85  10
28  87
95  99
27  76
16  28
9  26
66  96
7  91
37  34
51  91
50  5
32  50
24  82
12  89
55  57
62  92
43  20
25  69
38  25
94  10
52  70
1  82
2  47
88  77
33  1
15  22
53  38
