0.0  10.0  10.0  10.0  200.0  200.0  200.0  200.0  200.0  200.0  200.0  200.0  200.0  200.0  200.0  200.0  200.0  200.0  200.0  200.0  
10.0  0.0  10.0  10.0  200.0  200.0  200.0  200.0  200.0  200.0  200.0  200.0  200.0  200.0  200.0  200.0  200.0  200.0  200.0  200.0  
10.0  10.0  0.0  10.0  200.0  200.0  200.0  200.0  200.0  200.0  200.0  200.0  200.0  200.0  200.0  200.0  200.0  200.0  200.0  200.0  
10.0  10.0  10.0  0.0  200.0  200.0  200.0  200.0  200.0  200.0  200.0  200.0  200.0  200.0  200.0  200.0  200.0  200.0  200.0  200.0  
200.0  200.0  200.0  200.0  0.0  10.0  10.0  10.0  200.0  200.0  200.0  200.0  200.0  200.0  200.0  200.0  200.0  200.0  200.0  200.0  
200.0  200.0  200.0  200.0  10.0  0.0  10.0  10.0  200.0  200.0  200.0  200.0  200.0  200.0  200.0  200.0  200.0  200.0  200.0  200.0  
200.0  200.0  200.0  200.0  10.0  10.0  0.0  10.0  200.0  200.0  200.0  200.0  200.0  200.0  200.0  200.0  200.0  200.0  200.0  200.0  
200.0  200.0  200.0  200.0  10.0  10.0  10.0  0.0  200.0  200.0  200.0  200.0  200.0  200.0  200.0  200.0  200.0  200.0  200.0  200.0  
200.0  200.0  200.0  200.0  200.0  200.0  200.0  200.0  0.0  10.0  10.0  10.0  200.0  200.0  200.0  200.0  200.0  200.0  200.0  200.0  
200.0  200.0  200.0  200.0  200.0  200.0  200.0  200.0  10.0  0.0  10.0  10.0  200.0  200.0  200.0  200.0  200.0  200.0  200.0  200.0  
200.0  200.0  200.0  200.0  200.0  200.0  200.0  200.0  10.0  10.0  0.0  10.0  200.0  200.0  200.0  200.0  200.0  200.0  200.0  200.0  
200.0  200.0  200.0  200.0  200.0  200.0  200.0  200.0  10.0  10.0  10.0  0.0  200.0  200.0  200.0  200.0  200.0  200.0  200.0  200.0  
200.0  200.0  200.0  200.0  200.0  200.0  200.0  200.0  200.0  200.0  200.0  200.0  0.0  10.0  10.0  10.0  200.0  200.0  200.0  200.0  
200.0  200.0  200.0  200.0  200.0  200.0  200.0  200.0  200.0  200.0  200.0  200.0  10.0  0.0  10.0  10.0  200.0  200.0  200.0  200.0  
200.0  200.0  200.0  200.0  200.0  200.0  200.0  200.0  200.0  200.0  200.0  200.0  10.0  10.0  0.0  10.0  200.0  200.0  200.0  200.0  
200.0  200.0  200.0  200.0  200.0  200.0  200.0  200.0  200.0  200.0  200.0  200.0  10.0  10.0  10.0  0.0  200.0  200.0  200.0  200.0  
200.0  200.0  200.0  200.0  200.0  200.0  200.0  200.0  200.0  200.0  200.0  200.0  200.0  200.0  200.0  200.0  0.0  10.0  10.0  10.0  
200.0  200.0  200.0  200.0  200.0  200.0  200.0  200.0  200.0  200.0  200.0  200.0  200.0  200.0  200.0  200.0  10.0  0.0  10.0  10.0  
200.0  200.0  200.0  200.0  200.0  200.0  200.0  200.0  200.0  200.0  200.0  200.0  200.0  200.0  200.0  200.0  10.0  10.0  0.0  10.0  
200.0  200.0  200.0  200.0  200.0  200.0  200.0  200.0  200.0  200.0  200.0  200.0  200.0  200.0  200.0  200.0  10.0  10.0  10.0  0.0  
