54  0
60  54
50  60
83  0
99  0
41  83
8  0
87  50
48  50
85  8
37  54
30  83
96  83
21  37
44  87
90  21
38  8
92  60
78  50
1  54
71  85
39  21
61  87
23  8
6  71
47  85
34  78
66  41
55  48
88  38
59  55
82  41
97  6
45  97
67  38
53  67
19  6
28  99
40  38
33  90
69  92
29  6
26  0
70  83
17  30
46  50
31  66
3  53
84  40
72  0
52  3
62  60
11  39
25  71
2  62
89  41
12  26
4  59
64  2
56  54
91  48
77  4
43  84
18  3
9  19
36  84
68  59
5  21
32  62
63  71
22  21
14  92
75  63
10  1
7  61
76  23
86  0
27  14
16  62
57  70
35  46
51  11
79  54
73  21
58  72
94  48
13  38
80  94
95  79
42  79
81  44
74  16
65  34
98  40
15  42
24  14
49  53
93  14
20  75
