59  0
50  0
67  50
54  0
38  59
18  0
24  18
34  0
49  54
53  24
43  59
37  38
52  43
82  53
9  43
16  18
17  53
1  18
94  17
30  24
3  49
14  43
31  0
98  31
60  38
55  50
84  54
90  55
21  60
15  49
56  52
69  90
39  43
71  1
64  84
40  18
47  71
83  39
78  14
42  47
92  71
11  24
36  3
10  42
29  59
5  60
7  29
44  5
73  53
26  43
80  15
2  92
61  24
25  39
19  49
77  14
81  50
70  92
76  3
79  42
48  38
91  78
85  38
28  70
46  2
23  73
22  84
20  46
89  56
58  89
32  21
12  30
35  69
99  92
65  29
66  78
68  92
74  43
51  44
27  24
75  66
97  99
45  48
62  24
8  15
86  37
6  25
88  91
63  45
33  82
96  65
95  99
93  53
4  7
87  95
72  9
13  53
57  10
41  19
